-0.0018107188372522742
0.6245606588572937
0.6112575617206
0.3752270402279497
0.17639378416057802
-0.8422205162854616
0.10986749366814724
0.2323848545724081
0.794791400778424
0.7733378122068282
0.1880400028193531
0.359821966171868
1.28311886092771
0.9581404717420267
-0.03411309884762755
-1.3651234261264564
-1.4305439800376722
-2.1987428618059206
-0.2197711775789108
0.7961819408768094
0.5714287097730465
-0.33053213222975536
-1.3492723134563014
0.7743400499596358
-0.9624151979112988
0.4854566078601596
-0.678662199317785
-0.7510528041457432
1.9966779186656938
0.8032101654140815
0.16977317339157622
-0.8708453231705485
1.8892209766801493
-1.1784758390761132
-0.9377574635194303
0.2632963209369238
1.0092243160312773
-1.234270130625825
-0.8964206390164617
0.10410911116682411
-0.6640840151960336
0.9512496133692805
-0.44348487050945096
-0.3922273055828596
0.9958982056821291
0.07430584604327119
-0.6289938670582791
0.9566637374391266
0.914534508707583
-0.11708828277857487
0.6698685984880872
0.22500839853195542
-0.7678708283431503
-0.9668761332331012
1.3299366703904238
-1.4465002606981476
1.196484263791069
-0.017528859180663093
-0.497591741979474
0.36812492399902863
0.25671963898589634
0.5969044849945623
-0.48990150903482643
0.08757211769540943
-1.348030958267906
-1.9419751997451071
-0.0752068095734182
0.32466202124061094
0.0681436056705307
0.8909916529925742
0.2508370344038666
0.6619506088345111
-0.6093688308851097
-0.6425564350757283
-1.5625933668191418
-1.2367820947582402
0.6822455364709269
-0.35910379122336433
1.0948606380857677
-0.3346514257195209
0.6672965921055259
-0.09075742017168602
0.7257770467616596
-0.04942795218213502
1.1341037390820397
-0.8378233445163179
0.21237208956788042
0.20490367375953317
0.4948339823286719
0.21245456434104654
-1.8156261369640914
1.3118944288019199
-1.5320591007400919
1.1861754408360188
0.2907308310136545
-0.32398040756866664
-0.6303015265581257
-0.36663116119907124
-0.3726188608524921
-1.005175103148943
